  1  CH3COOOH     76.051  2  4  3  0  0
  2  C4H9O        73.113  4  9  1  0  0
  3  C3H7O        59.087  3  7  1  0  0
  4  NO3          62.005  0  0  3  1  0
  5  CH3COOO      75.043  2  3  3  0  0
  6  C2H5OO       61.060  2  5  2  0  0
  7  C2H4OOH      61.060  2  5  2  0  0
  8  HONO2        63.013  0  1  3  1  0
  9  C2H5OOH      62.068  2  6  2  0  0
 10  CH3ONO       61.040  1  3  2  1  0
 11  C3H8CO       72.105  4  8  1  0  0
 12  CH3NO2       61.040  1  3  2  1  0
 13  1C4H9        57.114  4  9  0  0  0
 14  2C4H9        57.114  4  9  0  0  0
 15  C4H10        58.122  4 10  0  0  0
 16  C3H7OH       60.095  3  8  1  0  0
 17  CH3OO        47.033  1  3  2  0  0
 18  C4H8Y        56.106  4  8  0  0  0
 19  CH3OOH       48.041  1  4  2  0  0
 20  HNO2         47.013  0  1  2  1  0
 21  CH3OCO       59.044  2  3  2  0  0
 22  C2H5CHO      58.079  3  6  1  0  0
 23  C2H6CO       58.079  3  6  1  0  0
 24  C2H5O        45.060  2  5  1  0  0
 25  CH3NO        45.041  1  3  1  1  0
 26  2C2H4OH      45.060  2  5  1  0  0
 27  NO2          46.006  0  0  2  1  0
 28  2C3H7        43.087  3  7  0  0  0
 29  1C3H7        43.087  3  7  0  0  0
 30  1C2H4OH      45.060  2  5  1  0  0
 31  HONO         47.013  0  1  2  1  0
 32  C3H8         44.095  3  8  0  0  0
 33  HCNN         41.032  1  1  0  2  0
 34  cC2H4O       44.052  2  4  1  0  0
 35  HCNO         43.025  1  1  1  1  0
 36  C2H5OH       46.068  2  6  1  0  0
 37  N2O          44.013  0  0  1  2  0
 38  C2H3CHOZ     56.063  3  4  1  0  0
 39  OOH          33.007  0  1  2  0  0
 40  CH2CHO       43.045  2  3  1  0  0
 41  H2O2         34.015  0  2  2  0  0
 42  CH3CO        43.045  2  3  1  0  0
 43  NCO          42.017  1  0  1  1  0
 44  CH3O         31.034  1  3  1  0  0
 45  O2           31.999  0  0  2  0  0
 46  CH3CHO       44.052  2  4  1  0  0
 47  HNO          31.014  0  1  1  1  0
 48  C            12.011  1  0  0  0  0
 49  CHCO         41.029  2  1  1  0  0
 50  CO2H         45.017  1  1  2  0  0
 51  HOCN         43.025  1  1  1  1  0
 52  C2H5         29.061  2  5  0  0  0
 53  C2H          25.029  2  1  0  0  0
 54  CH2OH        31.034  1  3  1  0  0
 55  CH           13.019  1  1  0  0  0
 56  C2H6         30.069  2  6  0  0  0
 57  C2H3         27.045  2  3  0  0  0
 58  CH2CO        42.037  2  2  1  0  0
 59  NNH          29.021  0  1  0  2  0
 60  H2CN         28.033  1  2  0  1  0
 61  CH3OH        32.042  1  4  1  0  0
 62  N4S          14.007  0  0  0  1  0
 63  N2D          14.007  0  0  0  1  0
 64  CN           26.017  1  0  0  1  0
 65  1CH2         14.027  1  2  0  0  0
 66  HNCO         43.025  1  1  1  1  0
 67  NO           30.006  0  0  1  1  0
 68  O3P          15.999  0  0  1  0  0
 69  O1D          15.999  0  0  1  0  0
 70  C2H4         28.053  2  4  0  0  0
 71  NH           15.015  0  1  0  1  0
 72  3CH2         14.027  1  2  0  0  0
 73  HCO          29.018  1  1  1  0  0
 74  C2H2         26.037  2  2  0  0  0
 75  H2CO         30.026  1  2  1  0  0
 76  NH2          16.023  0  2  0  1  0
 77  CO2          44.010  1  0  2  0  0
 78  OH           17.007  0  1  1  0  0
 79  CH3          15.034  1  3  0  0  0
 80  HCN          27.025  1  1  0  1  0
 81  NH3          17.030  0  3  0  1  0
 82  CH4          16.042  1  4  0  0  0
 83  N2           28.013  0  0  0  2  0
 84  CO           28.010  1  0  1  0  0
 85  H2O          18.015  0  2  1  0  0
 86  H             1.008  0  1  0  0  0
 87  He            4.003  0  0  0  0  0
 88  H2            2.016  0  2  0  0  0
 89  N2O4         92.011  0  0  4  2  0
 90  N2O3         76.012  0  0  3  2  0
 91  N2H2         30.029  0  2  0  2  0
 92  N2H3         31.037  0  3  0  2  0
 93  N2H4         32.045  0  4  0  2  0
 94  HNNO         45.021  0  1  1  2  0
 95  HNOH         32.022  0  2  1  1  0
 96  HNO3         63.013  0  1  3  1  0
 97  NH2OH        33.030  0  3  1  1  0
 98  H2NO         32.022  0  2  1  1  0
 99  CNN          40.024  1  0  0  2  0
100  H2CNO        44.033  1  2  1  1  0
101  C2N2         52.035  2  0  0  2  0
102  HCNH         28.033  1  2  0  1  0
103  HNC          27.025  1  1  0  1  0
104  HON          31.014  0  1  1  1  0
105  NCN          40.024  1  0  0  2  0
106  HCOH         30.026  1  2  1  0  0
107  HOCHO        46.025  1  2  2  0  0
108  HOCH2O       47.033  1  3  2  0  0
109  S            32.065  0  0  0  0  1
110  SH           33.073  0  1  0  0  1
111  H2S          34.081  0  2  0  0  1
112  SO	          48.064  0  0  1  0  1
113  SO2          64.064  0  0  2  0  1
114  SO3          80.063  0  0  3  0  1
115  HSO2         65.072  0  1  2  0  1
116  HOSO         65.072  0  1  2  0  1
117  HOSO2        81.071  0  1  3  0  1
118  SN	          46.072  0  0  0  1  1
119  S2	          64.130  0  0  0  0  2
120  CS	          44.076  1  0  0  0  1
121  COS          60.075  1  0  1  0  1
122  HSNO         63.079  0  1  1  1  1
123  HSO          49.072  0  1  1  0  1
124  HOS          49.072  0  1  1  0  1
125  HSOH         50.080  0  2  1  0  1
126  H2SO         50.080  0  2  1  0  1
127  HOSHO        66.080  0  2  2  0  1
128  HS2          65.138  0  1  0  0  2
129  H2S2         66.146  0  2  0  0  2
130  H2SO4        98.078  0  2  4  0  1
131  NH2SO2       80.086  0  2  2  1  1
132  NHSO2        79.078  0  1  2  1  1
133  CNSO2        90.081  1  0  2  1  1
134  S2O          80.129  0  0  1  0  2
135  HSO3         81.071  0  1  3  0  1
136  HO2SO2       97.071  0  1  4  0  1
137  HOSO3        97.071  0  1  4  0  1
138  HSOOSH       98.145  0  2  2  0  2
139  H2Oc         18.015  0  2  1  0  0
140  CH4c         16.042  1  4  0  0  0
141  NH3c         17.030  0  3  0  1  0
