 NH         NO                                          HNNO                                                    4.498E-25 -2.600E+00  9.150E+02  1.100E+00  0.000E+00  1.000E+00  1.000E+00  1.000E+00  1.000E+00  1.000E+00  1.000E+00  1.000E+00  1.000E+00  1.000E+00  1.000E+00  1.000E+00  1.000E+00  1.000E+00  1.000E+00  1.000E+00  1.000E+00  1.000E+00  1.000E+00  1.000E+00  1.000E+00  1.000E+00  1.000E+00  1.000e+00
 NO2        H                                           HONO                                                    3.863E-30 -1.500E+00  4.525E+02  1.100E+00  0.000E+00  1.000E+00  1.000E+00  1.000E+00  1.000E+00  1.000E+00  1.000E+00  1.000E+00  1.000E+00  1.000E+00  1.000E+00  1.000E+00  1.000E+00  1.000E+00  1.000E+00  1.000E+00  1.000E+00  1.000E+00  1.000E+00  1.000E+00  1.000E+00  1.000E+00  1.000E+00  1.000e+00
 NO         OOH                                         HNO3                                                    4.139E-24 -3.500E+00  1.106E+03  1.100E+00  0.000E+00  1.000E+00  1.000E+00  1.000E+00  1.000E+00  1.000E+00  1.000E+00  1.000E+00  1.000E+00  1.000E+00  1.000E+00  1.000E+00  1.000E+00  1.000E+00  1.000E+00  1.000E+00  1.000E+00  1.000E+00  1.000E+00  1.000E+00  1.000E+00  1.000E+00  1.000E+00  1.000e+00
 C          N2                                          CNN                                                     3.090E-33  0.000E+00  0.000E+00  1.100E+00  0.000E+00  1.000E+00  1.000E+00  1.000E+00  1.000E+00  1.000E+00  1.000E+00  1.000E+00  1.000E+00  1.000E+00  1.000E+00  1.000E+00  1.000E+00  1.000E+00  1.000E+00  1.000E+00  1.000E+00  1.000E+00  1.000E+00  1.000E+00  1.000E+00  1.000E+00  1.000E+00  1.000e+00
 H          H                                           H2                                                      5.160E-30 -1.000E+00  0.000E+00  1.470E+00  0.000E+00  4.000E-01  7.500E-01  1.500E+00  6.500E+00  3.000E+00  2.000E+00  3.000E+00  3.500E-01  4.000E-01  3.500E-01  1.000E+00  1.000E+00  1.000E+00  1.000E+00  1.000E+00  1.000E+00  1.000E+00  1.000E+00  1.000E+00  1.000E+00  1.000E+00  1.000E+00  1.000e+00
 H          O3P                                         OH                                                      3.256E-29 -1.000E+00  0.000E+00  2.150E+00  0.000E+00  4.000E-01  7.500E-01  1.500E+00  6.500E+00  3.000E+00  1.000E+00  3.000E+00  3.500E-01  4.000E-01  3.500E-01  1.000E+00  1.000E+00  1.000E+00  1.000E+00  1.000E+00  1.000E+00  1.000E+00  1.000E+00  1.000E+00  1.000E+00  1.000E+00  1.000E+00  1.000e+00
 H          OH                                          H2O                                                     1.526E-25 -2.000E+00  0.000E+00  1.470E+00  0.000E+00  4.000E-01  7.500E-01  1.500E+00  2.550E+00  3.000E+00  1.000E+00  3.000E+00  1.500E-01  4.000E-01  3.500E-01  1.000E+00  1.000E+00  1.000E+00  1.000E+00  1.000E+00  1.000E+00  1.000E+00  1.000E+00  1.000E+00  1.000E+00  1.000E+00  1.000E+00  1.000e+00
 CO         O3P                                         CO2                                                     4.249E-33  0.000E+00  1.508E+03  1.360E+00  0.000E+00  4.000E-01  7.500E-01  1.500E+00  6.500E+00  3.000E+00  1.000E+00  3.000E+00  3.500E-01  4.000E-01  3.500E-01  1.000E+00  1.000E+00  1.000E+00  1.000E+00  1.000E+00  1.000E+00  1.000E+00  1.000E+00  1.000E+00  1.000E+00  1.000E+00  1.000E+00  1.000e+00
 O3P        O3P                                         O2                                                      1.490E-34  0.000E+00 -9.000E+02  1.090E+00  0.000E+00  4.000E-01  7.500E-01  1.500E+00  6.500E+00  3.000E+00  1.000E+00  3.000E+00  3.500E-01  4.000E-01  3.500E-01  1.000E+00  1.000E+00  1.000E+00  1.000E+00  1.000E+00  1.000E+00  1.000E+00  1.000E+00  1.000E+00  1.000E+00  1.000E+00  1.000E+00  1.000e+00
 H2S        S                                           H2S2                                                    9.934e-36  0.000e+00  0.000e+00  2.000e+00  1.000e+02  1.000e+00  1.000e+00  1.000e+00  1.000e+00  1.000e+00  1.000e+00  1.000e+00  1.000e+00  1.000e+00  1.000e+00  1.000e+00  1.000e+00  1.000e+00  1.000e+00  1.000e+00  1.000e+00  1.000e+00  1.000e+00  1.000e+00  1.000e+00  1.000e+00  1.000e+00  1.000e+00
 SH         S                                           HS2                                                     1.656e-36  0.000e+00  0.000e+00  2.000e+00  1.000e+02  1.000e+00  1.000e+00  1.000e+00  1.000e+00  1.000e+00  1.000e+00  1.000e+00  1.000e+00  1.000e+00  1.000e+00  1.000e+00  1.000e+00  1.000e+00  1.000e+00  1.000e+00  1.000e+00  1.000e+00  1.000e+00  1.000e+00  1.000e+00  1.000e+00  1.000e+00  1.000e+00
 SH         SH                                          H2S2                                                    8.830e-35  0.000e+00  0.000e+00  2.000e+00  1.000e+02  1.000e+00  1.000e+00  1.000e+00  1.000e+00  1.000e+00  1.000e+00  1.000e+00  1.000e+00  1.000e+00  1.000e+00  1.000e+00  1.000e+00  1.000e+00  1.000e+00  1.000e+00  1.000e+00  1.000e+00  1.000e+00  1.000e+00  1.000e+00  1.000e+00  1.000e+00  1.000e+00
 SH         O3P                                         HSO                                                     9.934e-36  0.000e+00  0.000e+00  2.000e+00  1.000e+02  1.000e+00  1.000e+00  1.000e+00  1.000e+00  1.000e+00  1.000e+00  1.000e+00  1.000e+00  1.000e+00  1.000e+00  1.000e+00  1.000e+00  1.000e+00  1.000e+00  1.000e+00  1.000e+00  1.000e+00  1.000e+00  1.000e+00  1.000e+00  1.000e+00  1.000e+00  1.000e+00
 SH         O2                                          HSO2                                                    1.297e-36  0.000e+00  0.000e+00  2.000e+00  1.000e+02  1.000e+00  1.000e+00  1.000e+00  1.000e+00  1.000e+00  1.000e+00  1.000e+00  1.000e+00  1.000e+00  1.000e+00  1.000e+00  1.000e+00  1.000e+00  1.000e+00  1.000e+00  1.000e+00  1.000e+00  1.000e+00  1.000e+00  1.000e+00  1.000e+00  1.000e+00  1.000e+00
 S          O2                                          SO2                                                     9.934e-36  0.000e+00  0.000e+00  2.000e+00  1.000e+02  1.000e+00  1.000e+00  1.000e+00  1.000e+00  1.000e+00  1.000e+00  1.000e+00  1.000e+00  1.000e+00  1.000e+00  1.000e+00  1.000e+00  1.000e+00  1.000e+00  1.000e+00  1.000e+00  1.000e+00  1.000e+00  1.000e+00  1.000e+00  1.000e+00  1.000e+00  1.000e+00
 S          OH                                          HOS                                                     9.934e-36  0.000e+00  0.000e+00  2.000e+00  1.000e+02  1.000e+00  1.000e+00  1.000e+00  1.000e+00  1.000e+00  1.000e+00  1.000e+00  1.000e+00  1.000e+00  1.000e+00  1.000e+00  1.000e+00  1.000e+00  1.000e+00  1.000e+00  1.000e+00  1.000e+00  1.000e+00  1.000e+00  1.000e+00  1.000e+00  1.000e+00  1.000e+00
 S2         O3P                                         S2O                                                     1.376e-31 -1.407e+00 -5.028e-01  2.000e+00  1.000e+02  1.000e+00  1.000e+00  1.000e+00  1.000e+00  1.000e+00  1.000e+00  1.000e+00  1.000e+00  1.000e+00  1.000e+00  1.000e+00  1.000e+00  1.000e+00  1.000e+00  1.000e+00  1.000e+00  1.000e+00  1.000e+00  1.000e+00  1.000e+00  1.000e+00  1.000e+00  1.000e+00
 SO         O2                                          SO3                                                     2.759e-33  0.000e+00  0.000e+00  2.000e+00  1.000e+02  1.000e+00  1.000e+00  1.000e+00  1.000e+00  1.000e+00  1.000e+00  1.000e+00  1.000e+00  1.000e+00  1.000e+00  1.000e+00  1.000e+00  1.000e+00  1.000e+00  1.000e+00  1.000e+00  1.000e+00  1.000e+00  1.000e+00  1.000e+00  1.000e+00  1.000e+00  1.000e+00
 SO2        OOH                                         HO2SO2                                                  1.656e-37  0.000e+00  0.000e+00  2.000e+00  1.000e+02  1.000e+00  1.000e+00  1.000e+00  1.000e+00  1.000e+00  1.000e+00  1.000e+00  1.000e+00  1.000e+00  1.000e+00  1.000e+00  1.000e+00  1.000e+00  1.000e+00  1.000e+00  1.000e+00  1.000e+00  1.000e+00  1.000e+00  1.000e+00  1.000e+00  1.000e+00  1.000e+00
 HSO2       HSO2                                        HSOOSH     O2                                           9.934e-36  0.000e+00 -3.519e+02  2.000e+00  1.000e+02  1.000e+00  1.000e+00  1.000e+00  1.000e+00  1.000e+00  1.000e+00  1.000e+00  1.000e+00  1.000e+00  1.000e+00  1.000e+00  1.000e+00  1.000e+00  1.000e+00  1.000e+00  1.000e+00  1.000e+00  1.000e+00  1.000e+00  1.000e+00  1.000e+00  1.000e+00  1.000e+00
 HSO        O3P                                         HSO2                                                    3.035e-29 -1.730e+00 -1.257e+01  2.000e+00  1.000e+02  1.000e+00  1.000e+00  1.000e+00  1.000e+00  1.000e+00  1.000e+00  1.000e+00  1.000e+00  1.000e+00  1.000e+00  1.000e+00  1.000e+00  1.000e+00  1.000e+00  1.000e+00  1.000e+00  1.000e+00  1.000e+00  1.000e+00  1.000e+00  1.000e+00  1.000e+00  1.000e+00
 HSO        O3P                                         HOSO                                                    1.904e-28 -1.610e+00  4.022e+02  2.000e+00  1.000e+02  1.000e+00  1.000e+00  1.000e+00  1.000e+00  1.000e+00  1.000e+00  1.000e+00  1.000e+00  1.000e+00  1.000e+00  1.000e+00  1.000e+00  1.000e+00  1.000e+00  1.000e+00  1.000e+00  1.000e+00  1.000e+00  1.000e+00  1.000e+00  1.000e+00  1.000e+00  1.000e+00
 S2         H                                           HS2                                                     2.759e-32  0.000e+00  0.000e+00  2.000e+00  1.000e+02  1.000e+00  1.000e+00  1.000e+00  1.000e+01  1.000e+00  1.000e+00  1.000e+00  1.000e+00  1.500e+00  1.000e+00  1.000e+00  1.000e+00  1.000e+00  1.000e+00  1.000e+00  1.000e+00  1.000e+00  1.000e+00  1.000e+00  1.000e+00  1.000e+00  1.000e+00  1.000e+01
 HS2        H                                           H2S2                                                    2.759e-32  0.000e+00  0.000e+00  2.000e+00  1.000e+02  1.000e+00  1.000e+00  1.000e+00  1.000e+01  1.000e+00  1.000e+00  1.000e+00  1.000e+00  1.500e+00  1.000e+00  1.000e+00  1.000e+00  1.000e+00  1.000e+00  1.000e+00  1.000e+00  1.000e+00  1.000e+00  1.000e+00  1.000e+00  1.000e+00  1.000e+00  1.000e+01
 SO         H                                           HSO                                                     1.380e-32  0.000e+00  0.000e+00  2.000e+00  1.000e+02  1.000e+00  1.000e+00  1.000e+00  1.000e+01  1.000e+00  1.000e+00  1.000e+00  1.000e+00  1.500e+00  1.000e+00  1.000e+00  1.000e+00  1.000e+00  1.000e+00  1.000e+00  1.000e+00  1.000e+00  1.000e+00  1.000e+00  1.000e+00  1.000e+00  1.000e+00  1.000e+01
